20 20
10  10  10  10  10  10  10  10  2   11  11  11  11  11  11  11  3   3   4   6
13  11  11  11  11  11  11  5   5   14  14  14  14  10  10  10  10  10  7   9
4   6   8   10  7   9   11  13  7   9   6   8   10  12  14  11  5   7   9   6
7   9   9   9   13  12  14  6   8   10  8   10  12  7   9   11  13  11  9   11
10  10  10  10  10  10  10  10  2   11  11  11  11  11  11  11  3   3   4   6
13  11  11  11  11  11  11  5   5   14  14  14  14  10  10  10  10  10  7   9
4   6   8   10  7   9   11  13  7   9   6   8   10  12  14  11  5   7   9   6
7   9   9   9   13  12  14  6   8   10  8   10  12  7   9   11  13  11  9   11
10  10  10  10  10  10  10  10  2   11  11  11  11  11  11  11  3   3   4   6
13  11  11  11  11  11  11  5   5   14  14  14  14  10  10  10  10  10  7   9
4   6   8   10  7   9   11  13  7   9   6   8   10  12  14  11  5   7   9   6
7   9   9   9   13  12  14  6   8   10  8   10  12  7   9   11  13  11  9   11
10  10  10  10  10  10  10  10  2   11  11  11  11  11  11  11  3   3   4   6
13  11  11  11  11  11  11  5   5   14  14  14  14  10  10  10  10  10  7   9
4   6   8   10  7   9   11  13  7   9   6   8   10  12  14  11  5   7   9   6
7   9   9   9   13  12  14  6   8   10  8   10  12  7   9   11  13  11  9   11
10  10  10  10  10  10  10  10  2   11  11  11  11  11  11  11  3   3   4   6
13  11  11  11  11  11  11  5   5   14  14  14  14  10  10  10  10  10  7   9
4   6   8   10  7   9   11  13  7   9   6   8   10  12  14  11  5   7   9   6
7   9   9   9   13  12  14  6   8   10  8   10  12  7   9   11  13  11  9   11
