20 20
9 8 7 6 5 4 3 2 1 9 8 7 6 5 4 3 2 1 1 2
9 8 7 6 5 4 3 2 1 9 8 7 6 5 4 3 2 1 1 2
3 4 5 6 2 3 4 5 6 7 3 4 5 6 7 3 4 5 6 2 
3 6 5 4 7 5 6 3 4 5 2 3 4 2 3 4 5 2 3 4 
9 8 7 6 5 4 3 2 1 9 8 7 6 5 4 3 2 1 1 2
9 8 7 6 5 4 3 2 1 9 8 7 6 5 4 3 2 1 1 2
3 4 5 6 2 3 4 5 6 7 3 4 5 6 7 3 4 5 6 2 
3 6 5 4 7 5 6 3 4 5 2 3 4 2 3 4 5 2 3 4 
9 8 7 6 5 4 3 2 1 9 8 7 6 5 4 3 2 1 1 2
9 8 7 6 5 4 3 2 1 9 8 7 6 5 4 3 2 1 1 2
3 4 5 6 2 3 4 5 6 7 3 4 5 6 7 3 4 5 6 2 
3 6 5 4 7 5 6 3 4 5 2 3 4 2 3 4 5 2 3 4 
9 8 7 6 5 4 3 2 1 9 8 7 6 5 4 3 2 1 1 2
9 8 7 6 5 4 3 2 1 9 8 7 6 5 4 3 2 1 1 2
3 4 5 6 2 3 4 5 6 7 3 4 5 6 7 3 4 5 6 2 
3 6 5 4 7 5 6 3 4 5 2 3 4 2 3 4 5 2 3 4 
9 8 7 6 5 4 3 2 1 9 8 7 6 5 4 3 2 1 1 2
9 8 7 6 5 4 3 2 1 9 8 7 6 5 4 3 2 1 1 2
3 4 5 6 2 3 4 5 6 7 3 4 5 6 7 3 4 5 6 2 
3 6 5 4 7 5 6 3 4 5 2 3 4 2 3 4 5 2 3 4 