20 20
1 2 3 4 5 6 7 8 1 2 3 4 5 6 7 8 1 2 3 4 
4 3 4 5 6 7 8 3 4 5 6 7 8 5 6 7 8 9 6 7 
1 2 3 4 5 6 7 8 1 2 3 4 5 6 7 8 1 2 3 4 
4 3 4 5 6 7 8 3 4 5 6 7 8 5 6 7 8 9 6 7 
1 2 3 4 5 6 7 8 1 2 3 4 5 6 7 8 1 2 3 4 
4 3 4 5 6 7 8 3 4 5 6 7 8 5 6 7 8 9 6 7 
1 2 3 4 5 6 7 8 1 2 3 4 5 6 7 8 1 2 3 4 
4 3 4 5 6 7 8 3 4 5 6 7 8 5 6 7 8 9 6 7 
1 2 3 4 5 6 7 8 1 2 3 4 5 6 7 8 1 2 3 4 
4 3 4 5 6 7 8 3 4 5 6 7 8 5 6 7 8 9 6 7 
1 2 3 4 5 6 7 8 1 2 3 4 5 6 7 8 1 2 3 4 
4 3 4 5 6 7 8 3 4 5 6 7 8 5 6 7 8 9 6 7 
1 2 3 4 5 6 7 8 1 2 3 4 5 6 7 8 1 2 3 4 
4 3 4 5 6 7 8 3 4 5 6 7 8 5 6 7 8 9 6 7 
1 2 3 4 5 6 7 8 1 2 3 4 5 6 7 8 1 2 3 4 
4 3 4 5 6 7 8 3 4 5 6 7 8 5 6 7 8 9 6 7 
1 2 3 4 5 6 7 8 1 2 3 4 5 6 7 8 1 2 3 4 
4 3 4 5 6 7 8 3 4 5 6 7 8 5 6 7 8 9 6 7 
1 2 3 4 5 6 7 8 1 2 3 4 5 6 7 8 1 2 3 4 
4 3 4 5 6 7 8 3 4 5 6 7 8 5 6 7 8 9 6 7 